1 143023
1 147902
1 736344
1 651150
1 419967
1 460027
1 467602
1 78113
1 762296
1 517539
1 992574
1 761837
1 625986
1 273844
1 308511
1 557826
1 364991
1 928536
1 861613
1 538267
1 759578
1 206901
1 233512
1 297908
1 202171
1 880251
1 940453
1 256169
1 359585
1 781210
1 148463
1 82702
1 882263
1 385650
1 479604
1 365088
1 419224
1 487398
1 402765
1 196379
1 139330
1 630427
1 745838
1 313673
1 384430
1 81224
1 578727
1 998341
1 505133
1 887408
1 264443
1 609990
1 982413
1 111967
1 893788
1 820814
1 287796
1 431790
1 21550
1 998163
1 422685
1 241189
1 432902
1 659412
1 394620
1 393968
1 181940
1 9118
1 810498
1 183317
1 121274
1 372262
1 847234
1 902564
1 990010
1 619082
1 822780
1 4301
1 977102
1 124174
1 608601
1 912076
1 973069
1 119454
1 53064
1 238851
1 412620
1 987007
1 832594
1 850132
1 3116
1 431964
1 111053
1 329099
1 32892
1 158601
1 812021
1 331439
1 517210
1 737887
1 4304
1 16035
1 327883
1 560735
1 992546
1 533585
1 66138
1 72658
1 193981
1 615059
1 850720
1 916545
1 866683
1 216679
1 36943
1 769587
1 432979
1 258448
1 224325
1 983936
1 859454
1 751263
1 731208
1 679095
1 916677
1 485098
1 542809
1 186116
1 522302
1 534040
1 606641
1 339785
1 831310
1 444637
1 877374
1 118471
1 627617
1 686613
1 92625
1 808052
1 263153
1 563647
1 823580
1 427908
1 498118
1 987057
1 992494
1 808898
1 20632
1 651381
1 112370
1 725360
1 551564
1 205722
1 680273
1 608992
1 455435
1 741675
1 117665
1 392661
1 827336
1 670521
1 345081
1 101929
1 73804
1 527714
1 676037
1 47791
1 149246
1 84293
1 229454
1 491568
1 819098
1 175292
1 951258
1 943481
1 489021
1 220709
1 365660
1 27853
1 24715
1 126878
1 312928
1 410248
1 657433
1 103516
1 307129
1 973739
1 659780
1 344487
1 889494
1 930922
1 819020
1 577801
1 8922
1 48579
1 426731
1 115314
1 617645
1 548364
1 425822
1 43475
1 22893
1 656877
1 882798
1 360738
1 855010
1 70146
1 221116
1 429580
1 107744
1 665296
1 311561
1 572885
1 646202
1 870912
1 587853
1 626081
1 603214
1 786030
1 690740
1 702163
1 148665
1 63041
1 658406
1 545025
1 83419
1 994604
1 428716
1 711204
1 336780
1 121007
1 29703
1 229566
1 621802
1 337518
1 892241
1 839412
1 710743
1 690024
1 773640
1 108977
1 518003
1 600437
1 758887
1 644431
1 809617
1 692642
1 735001
1 827753
1 173776
1 357616
1 731729
1 227974
1 936816
1 999860
1 181640
1 790768
1 168000
1 126341
1 688361
1 955244
1 450233
1 425217
1 379655
1 535026
1 257191
1 609317
1 480142
1 795419
1 260763
1 311928
1 697748
1 882574
1 667979
1 817594
1 360537
1 285370
1 884691
1 344364
1 801926
1 470107
1 225380
1 947384
1 884368
1 589292
1 99371
1 831236
1 329998
1 365052
1 498959
1 914710
1 663277
1 660051
1 528817
1 137565
1 668549
1 749348
1 129471
1 26337
1 849895
1 484836
1 514504
1 85187
1 278891
1 824701
1 335257
1 16524
1 162184
1 249964
1 293340
1 506529
1 932575
1 711613
1 500658
1 194340
1 242298
1 61874
1 849302
1 791289
1 108037
1 373686
1 348019
1 772195
1 158407
1 464232
1 695433
1 865189
1 927040
1 717367
1 198177
1 432837
1 481764
1 507871
1 699708
1 793427
1 360634
1 124700
1 921826
1 863424
1 224807
1 668557
1 704835
1 11640
1 676751
1 28152
1 735096
1 281900
1 425028
1 422089
1 678292
1 894165
1 448308
1 216156
1 337862
1 58869
1 150178
1 724164
1 820759
1 39323
1 927640
1 651768
1 699735
1 418679
1 441896
1 150281
1 544387
1 542211
1 737798
1 150533
1 828293
1 376224
1 940494
1 517283
1 908868
1 960960
1 481331
1 76983
1 193567
1 357085
1 272989
1 698381
1 224130
1 55201
1 443572
1 715268
1 901222
1 66587
1 700908
1 113588
1 20166
1 157236
1 396023
1 230064
1 474836
1 375508
1 782383
1 19406
1 542138
1 384985
1 775198
1 518048
1 393037
1 879813
1 127673
1 217434
1 581232
1 441902
1 68408
1 401023
1 588613
1 722718
1 56894
1 572317
1 220471
1 19850
1 37130
1 201195
1 532356
1 917329
1 175174
1 460440
1 899210
1 186718
1 73628
1 365318
1 759960
1 808365
1 206450
1 896674
1 724863
1 100279
1 574499
1 402051
1 798261
1 31763
1 236495
1 917468
1 254662
1 449876
1 438306
1 839843
1 732374
1 50443
1 541823
1 93611
1 162091
1 324414
1 753855
1 137772
1 61647
1 288370
1 88578
1 723458
1 148180
1 337340
1 219947
1 990450
1 205113
1 36616
1 43964
1 584368
1 248380
1 5022
1 247845
1 15036
1 62681
1 89984
1 740907
1 225268
1 232736
1 693696
1 758185
1 592754
1 266090
1 513897
1 268179
1 996330
1 562855
1 512511
1 701090
1 180818
1 127912
1 35763
1 435446
1 819134
1 338172
1 480514
1 215233
1 732586
1 9920
1 649193
1 952326
1 152766
1 175621
1 182489
1 788041
1 170659
1 41093
1 481337
