1 13677
1 13783
1 13891
1 14262
1 14284
1 18093
1 30121
1 30139
1 30347
1 30359
1 30471
1 30549
1 30558
1 30562
1 30588
1 30735
1 31143
1 31306
1 48809
1 48847
1 48949
1 49123
1 49158
1 49195
1 49231
1 49322
1 49483
1 49490
1 49517
1 49699
1 49857
1 49931
1 49942
1 50193
1 50195
1 50196
1 50211
1 50279
1 50287
1 50551
1 50693
1 50716
1 50746
1 50780
1 50879
1 51021
1 51192
1 51322
1 51391
1 51409
1 51521
1 51624
1 51634
1 51696
1 51882
1 51931
1 51947
1 51995
1 52146
1 52156
1 52317
1 52599
1 53499
1 55575
1 55750
1 58375
1 58976
1 91175
1 91575
1 92138
1 93990
1 98749
1 124778
1 202519
1 204268
1 204468
1 206262
1 210037
1 217755
1 246179
1 251955
1 252153
1 254839
1 398069
1 400094
1 402856
1 404764
1 406353
1 406364
1 406458
1 406635
1 406901
1 406957
1 406985
1 407005
1 407194
1 407481
1 407482
1 407876
1 408737
1 409019
1 409283
1 411770
1 413052
1 435564
1 435675
1 435805
1 435856
1 435971
1 436043
1 436478
1 436610
1 436616
1 436828
1 468437
1 470087
1 470239
1 472661
1 473473
1 476831
1 478652
1 479381
1 479909
1 480413
1 480743
1 481766
1 481814
1 482303
1 482801
1 483548
1 483816
1 485854
1 486260
1 488410
1 489175
1 490898
1 491723
1 492702
1 493907
1 494100
1 494267
1 494593
1 496397
1 496449
1 497525
1 497569
1 498083
1 498510
1 498676
1 499007
1 499237
1 499285
1 499514
1 501465
1 501474
1 501970
1 502563
1 502599
1 502683
1 504493
1 504506
1 504570
1 504596
1 504812
1 505431
1 505816
1 506319
1 506803
1 509312
1 509313
1 509380
1 509426
1 509433
1 509806
1 509837
1 509845
1 509991
1 510105
1 510187
1 516107
1 517417
1 520096
1 520641
1 521062
1 521383
1 521641
1 521670
1 521761
1 521780
1 521931
1 522246
1 522351
1 522456
1 522820
1 522895
1 522974
1 523038
1 524623
1 525294
1 525514
1 525671
1 525750
1 527256
1 528024
1 528102
1 528834
1 529548
1 529808
1 529896
1 529916
1 530178
1 530226
1 530246
1 530509
1 530513
1 530553
1 530591
1 530734
1 531149
1 531744
1 531749
1 531913
1 531971
1 532377
1 532693
1 533135
1 533644
1 533955
1 534957
1 535026
1 535127
1 535289
1 535341
1 536801
1 536915
1 537604
1 538454
1 538646
1 538911
1 539001
1 539010
1 539044
1 539269
1 539941
1 540100
1 540126
1 540351
1 540868
1 541082
1 541814
1 541952
1 542611
1 542763
1 542988
1 543078
1 543625
1 567669
1 568122
1 569028
1 569183
1 569184
1 570957
1 571039
1 571348
1 571512
1 571843
1 572200
1 572611
1 572870
1 572898
1 573308
1 573877
1 574167
1 574179
1 590139
1 590569
1 591761
1 591810
1 591975
1 593425
1 594932
1 629322
1 631164
1 636258
1 637613
1 638110
1 638132
1 638271
1 638428
1 638469
1 638517
1 638636
1 638838
1 638882
1 638985
1 639926
1 640133
1 640162
1 640183
1 642564
1 642896
1 643436
1 644458
1 644974
1 645336
1 645401
1 646253
1 646259
1 646266
1 646411
1 646564
1 647088
1 647504
1 648052
1 648186
1 648370
1 648404
1 648408
1 648989
1 649109
1 649226
1 649473
1 650050
1 650100
1 650532
1 650655
1 650687
1 650785
1 650852
1 650858
1 751653
1 752812
1 752955
1 753101
1 753259
1 754313
1 755139
1 756448
1 756756
1 756833
1 756892
1 758041
1 758971
1 768591
1 769332
1 769781
1 771100
1 771592
1 771966
1 774061
1 776022
1 776752
1 776846
1 777187
1 777834
1 780631
1 781054
1 781342
1 781457
1 781555
1 781561
1 781583
1 781706
1 781741
1 781745
1 782028
1 782137
1 782331
1 782851
1 782893
1 783495
1 783910
1 783959
1 784068
1 784347
1 784449
1 784596
1 784692
1 784811
1 785477
1 785483
1 785560
1 785711
1 785783
1 785791
1 786030
1 786040
1 786056
1 786191
1 786567
1 786599
1 786628
1 786762
1 786941
1 787006
1 787063
1 787095
1 787113
1 787131
1 787608
1 787683
1 788561
1 788719
1 788827
1 788925
1 789015
1 789158
1 789656
1 791701
1 795766
1 797586
1 904822
1 906663
1 917227
1 920158
1 920642
1 920951
1 921087
1 921162
1 921509
1 921910
1 922939
1 923537
1 923766
1 923822
1 923938
1 923952
1 924033
1 924150
1 924633
1 925618
1 925824
1 926421
1 928501
1 929301
1 929616
1 929887
1 930329
1 930679
1 931523
1 931689
1 932128
1 932770
1 933273
1 933558
1 933563
1 933679
1 933737
1 934099
1 934226
1 934348
1 934369
1 934534
1 934922
1 935410
1 935611
1 936012
1 936162
1 936265
1 936326
1 936698
1 936713
1 936716
1 936756
1 936808
1 936893
1 937147
1 937303
1 937638
1 937690
1 937935
1 938307
1 938812
1 938898
1 938981
1 939047
1 941330
1 942469
1 942697
1 942790
1 942971
1 942990
1 943275
1 943581
1 943964
1 944359
1 945376
1 946403
1 993184
1 993831
1 994451
1 995769
1 996452
1 997457
1 997751
1 997764
1 998486
1 999021
1 999592
1 999617
