1 638428
1 638469
1 646411
1 650050
1 645336
1 648408
1 643436
1 648370
1 648186
1 642564
1 650785
1 638838
1 638271
1 638985
1 638517
1 640183
1 644974
1 648404
1 638636
1 590569
1 591761
1 591975
1 639926
1 646266
1 594932
1 590139
1 648989
1 649473
1 629322
1 649226
1 636258
1 649109
1 593425
1 644458
1 642896
1 650858
1 631164
1 646253
1 638882
1 650655
1 646259
1 645401
1 650100
1 646564
1 638132
1 650687
1 650532
1 648052
1 591810
1 647088
1 640133
1 640162
1 637613
1 638110
1 650852
1 647504
1 509991
1 509313
1 521641
1 509312
1 510105
1 521931
1 509845
1 470239
1 532693
1 531744
1 494593
1 509837
1 535289
1 533955
1 535127
1 536915
1 531971
1 496449
1 481766
1 498083
1 483548
1 521062
1 522246
1 534957
1 470087
1 485854
1 210037
1 204468
1 407005
1 409283
1 217755
1 435856
1 436043
1 435805
1 406957
1 206262
1 406353
1 407482
1 435971
1 406458
1 202519
1 398069
1 406985
1 404764
1 402856
1 411770
1 435564
1 436478
1 204268
1 436828
1 498510
1 406901
1 482303
1 533644
1 521761
1 521780
1 520096
1 252153
1 499237
1 499007
1 498676
1 501474
1 476831
1 529808
1 529916
1 530246
1 530509
1 494267
1 529896
1 517417
1 499514
1 483816
1 522895
1 522820
1 509380
1 497569
1 497525
1 530553
1 435675
1 436616
1 251955
1 254839
1 246179
1 408737
1 409019
1 493907
1 537604
1 530591
1 413052
1 407194
1 400094
1 532377
1 407876
1 407481
1 406635
1 436610
1 406364
1 536801
1 531913
1 531149
1 530513
1 509433
1 481814
1 488410
1 472661
1 468437
1 533135
1 496397
1 492702
1 535341
1 522456
1 522351
1 521383
1 521670
1 522974
1 531749
1 494100
1 523038
1 486260
1 491723
1 530226
1 530178
1 490898
1 489175
1 482801
1 509426
1 478652
1 510187
1 479381
1 480413
1 480743
1 473473
1 516107
1 499285
1 535026
1 520641
1 509806
1 479909
1 786628
1 922939
1 930329
1 936713
1 937690
1 776752
1 776022
1 776846
1 786056
1 758971
1 758041
1 786030
1 788827
1 756448
1 752955
1 756833
1 756756
1 752812
1 754313
1 938812
1 943275
1 942469
1 944359
1 943581
1 934348
1 942697
1 939047
1 941330
1 942971
1 937638
1 756450
1 752981
1 760120
1 765865
1 765708
1 765705
1 759056
1 765531
1 751964
1 762648
1 762782
1 764421
1 936756
1 936716
1 935410
1 933558
1 502563
1 933679
1 934099
1 943964
1 946403
1 937147
1 936893
1 935611
1 936012
1 923938
1 924033
1 936162
1 936326
1 777834
1 781457
1 781555
1 781561
1 752493
1 777187
1 789158
1 502683
1 504596
1 501465
1 504570
1 505431
1 506803
1 789656
1 788719
1 791701
1 788925
1 782137
1 752755
1 755367
1 754948
1 759691
1 760042
1 762748
1 781741
1 781745
1 783495
1 781054
1 787113
1 787131
1 787608
1 787683
1 787006
1 787095
1 504506
1 502599
1 755139
1 758630
1 758777
1 764817
1 764686
1 764460
1 762317
1 761978
1 761879
1 763679
1 764095
1 756376
1 923822
1 934922
1 932770
1 934369
1 936265
1 936808
1 934226
1 938307
1 782331
1 782851
1 785483
1 784449
1 784692
1 784596
1 784811
1 506319
1 504812
1 782893
1 501970
1 786567
1 756892
1 751653
1 782028
1 785711
1 789015
1 785783
1 784347
1 917227
1 942990
1 945376
1 936698
1 938981
1 938898
1 937303
1 942790
1 771100
1 786040
1 786191
1 785791
1 769781
1 768591
1 771592
1 771966
1 786599
1 785560
1 781342
1 781706
1 753259
1 780631
1 774061
1 795766
1 797586
1 788561
1 783910
1 785477
1 786762
1 787063
1 937935
1 931523
1 933273
1 786941
1 784068
1 783959
1 781583
1 769332
1 753101
1 124778
1 542988
1 540100
1 540126
1 538454
1 542763
1 538911
1 539941
1 541814
1 541952
1 539010
1 538646
1 540351
1 539044
1 539001
1 564359
1 564106
1 564642
1 564475
1 564698
1 565582
1 564719
1 563663
1 541082
1 563839
1 540868
1 539269
1 543625
1 542611
1 543078
1 993184
1 999021
1 993831
1 505816
1 996452
1 997751
1 997457
1 999592
1 999617
1 997764
1 504493
1 998486
1 994451
1 995769
1 14262
1 13783
1 13677
1 31143
1 13891
1 31306
1 18093
1 14284
1 30588
1 30471
1 51947
1 49490
1 49231
1 49195
1 51634
1 51882
1 98749
1 51391
1 51696
1 51409
1 51931
1 50551
1 50693
1 525294
1 456214
1 459090
1 529548
1 458330
1 458764
1 457939
1 457864
1 50746
1 528102
1 530734
1 861997
1 861327
1 859299
1 856897
1 860912
1 460345
1 464800
1 528834
1 525671
1 525750
1 527256
1 524623
1 528024
1 460348
1 456841
1 456903
1 458258
1 458265
1 860861
1 457728
1 457930
1 458284
1 456220
1 458545
1 459146
1 459352
1 459872
1 862030
1 859610
1 859845
1 862004
1 862064
1 459568
1 458475
1 460182
1 460155
1 459871
1 456316
1 456558
1 456830
1 456970
1 49158
1 50193
1 50279
1 50211
1 55750
1 52156
1 49483
1 50780
1 51021
1 50879
1 52599
1 49123
1 49857
1 49942
