1 735225
1 930978
1 566393
1 416764
1 834969
1 359940
1 381196
1 817584
1 851684
1 421365
1 590741
1 798487
1 113159
1 9687
1 810814
1 722584
1 17619
1 599442
1 345043
1 609191
1 46100
1 606963
1 366699
1 69853
1 572860
1 416850
1 532441
1 955625
1 810464
1 943014
1 427388
1 291134
1 263858
1 149764
1 769503
1 990035
1 262967
1 159974
1 125928
1 90626
1 398058
1 493662
1 69267
1 918075
1 69309
1 449403
1 276322
1 325856
1 658085
1 759269
1 711048
1 365007
1 737825
1 854197
1 502086
1 85864
1 766643
1 843252
1 291089
1 273511
1 198270
1 614019
1 471975
1 448192
1 565766
1 72349
1 844245
1 923820
1 920412
1 101546
1 363848
1 211944
1 658381
1 321414
1 387902
1 186926
1 357455
1 26966
1 634718
1 670074
1 285044
1 566565
1 811675
1 586891
1 618609
1 362576
1 978206
1 766946
1 256025
1 77001
1 202872
1 835373
1 290485
1 569713
1 796030
1 504373
1 454123
1 903865
1 874200
1 708355
1 959378
1 159678
1 483728
1 204921
1 423814
1 991539
1 64862
1 302087
1 845689
1 816106
1 487423
1 49164
1 442905
1 421036
1 55450
1 885524
1 673557
1 965995
1 958285
1 105327
1 426379
1 924592
1 176651
1 624994
1 668446
1 881347
1 433607
1 346041
1 563487
1 89510
1 660188
1 908894
1 187059
1 361277
1 371272
1 175917
1 10835
1 3294
1 598345
1 767643
1 590537
1 870034
1 528155
1 971552
1 629712
1 842328
1 324736
1 150288
1 952867
1 308718
1 526961
1 777040
1 681513
1 379604
1 235377
1 757960
1 548953
1 401596
1 185947
1 716104
1 152403
1 11171
1 679407
1 757926
1 57592
1 769090
1 82212
1 137703
1 432154
1 889649
1 903156
1 683934
1 372888
1 395681
1 836711
1 771265
1 531377
1 495521
1 836573
1 124404
1 945202
1 419338
1 227865
1 269673
1 103824
1 60399
1 149370
1 230453
1 596730
1 519313
1 994623
1 640587
1 174035
1 947704
1 516406
1 244761
1 857208
1 643229
1 329375
1 96366
1 555123
1 817241
1 888059
1 925957
1 445268
1 452583
1 347936
1 904028
1 126680
1 736719
1 307392
1 252305
1 827827
1 203876
1 133097
1 370964
1 317388
1 31321
1 116309
1 648086
1 487040
1 245936
1 962080
1 161526
1 246742
1 517882
1 414821
1 563449
1 842857
1 135868
1 831607
1 943220
1 844143
1 280695
1 437355
1 850421
1 950738
1 297291
1 375265
1 366213
1 862906
1 151726
1 460545
1 349061
1 968012
1 613744
1 396115
1 977543
1 253169
1 841049
1 887523
1 796812
1 766721
1 673787
1 230353
1 401658
1 986594
1 515212
1 581204
1 166058
1 156295
1 692654
1 723665
1 368797
1 158397
1 292321
1 304471
1 715422
1 168501
1 152137
1 409809
1 344414
1 205789
1 180391
1 363241
1 935201
1 51119
1 90543
1 267665
1 352195
1 27313
1 3303
1 951007
1 723838
1 909010
1 789536
1 804761
1 185093
1 125839
1 596137
1 881281
1 907121
1 94609
1 513618
1 3379
1 328529
1 52595
1 440938
1 726856
1 344961
1 800500
1 560219
1 382239
1 320093
1 331413
1 644947
1 601940
1 852967
1 500083
1 43821
1 781751
1 522099
1 50837
1 110121
1 68661
1 183015
1 758390
1 736522
1 338850
1 568264
1 855918
1 689635
1 814879
1 657295
1 831279
1 257312
1 760730
1 184248
1 576072
1 220217
1 666489
1 770688
1 280717
1 271833
1 920168
1 678992
1 744430
1 578904
1 863798
1 821667
1 736194
1 318117
1 583161
1 904060
1 258091
1 6166
1 243104
1 682049
1 314801
1 118036
1 212369
1 378501
1 915074
1 597003
1 537737
1 741797
1 385065
1 105692
1 257854
1 338238
1 978516
1 732564
1 302925
1 927899
1 131870
1 152758
1 664729
1 668418
1 693696
1 473973
1 876475
1 755270
1 86953
1 321452
1 428272
1 681064
1 16505
1 608911
1 737126
1 280444
1 296254
1 960589
1 534509
1 338174
1 781709
1 856023
1 819384
1 623509
1 49708
1 439746
1 16182
1 804591
1 275947
1 899486
1 826966
1 16036
1 672682
1 335615
1 396047
1 492770
1 506759
1 835826
1 622198
1 701924
1 667952
1 902419
1 805788
1 560562
1 41510
1 805167
1 712091
1 176435
1 826087
1 935357
1 136532
1 787502
1 886699
1 884355
1 155508
1 123041
1 662825
1 515726
1 892630
1 756027
1 856665
1 105754
1 561209
1 269175
1 453301
1 759572
1 819103
1 981846
1 833901
1 792426
1 602179
1 746224
1 748322
1 277783
1 699641
1 690254
1 621321
1 110897
1 45604
1 800605
1 72989
1 183369
1 574588
1 746805
1 104661
1 252776
1 68999
1 465407
1 159183
1 796614
1 252006
1 910315
1 779196
1 764873
1 202102
1 561914
1 848607
1 309763
1 512113
1 12417
1 344443
1 961560
1 648470
1 618708
1 247730
1 256990
1 186668
1 748318
1 227273
1 634176
1 569106
1 795810
1 761689
1 316754
1 720826
1 838359
1 633306
1 302101
1 517441
1 316457
1 524254
1 324350
1 455051
1 845189
1 539723
1 29752
1 192914
1 349727
1 246955
1 487105
1 68868
1 68097
1 464798
1 2548
1 517940
1 85996
