1 380226
1 773427
1 776993
1 775200
1 775646
1 776549
1 777001
1 776865
1 777026
1 775343
1 777054
1 777020
1 775227
1 775166
1 774820
1 775711
1 775425
1 379272
1 802174
1 803486
1 803600
1 802424
1 802745
1 801538
1 380204
1 380653
1 380635
1 380467
1 380460
1 773001
1 322626
1 381168
1 381503
1 382474
1 394089
1 803384
1 323664
1 323473
1 323576
1 323547
1 378855
1 379344
1 380139
1 378806
1 380023
1 378515
1 395134
1 747074
1 785072
1 369875
1 804534
1 783914
1 784454
1 783899
1 784094
1 784443
1 784289
1 784089
1 783854
1 322887
1 746951
1 747297
1 747023
1 747159
1 746862
1 784687
1 784733
1 784605
1 784849
1 784479
1 784946
1 380819
1 152045
1 150582
1 382794
1 383082
1 383076
1 382929
1 70985
1 322376
1 390896
1 389356
1 356512
1 356637
1 356630
1 147825
1 142146
1 143175
1 746434
1 746482
1 805855
1 678581
1 67296
1 395522
1 395889
1 395940
1 395715
1 395407
1 802046
1 801606
1 149829
1 383777
1 383830
1 778268
1 778215
1 778297
1 777891
1 778080
1 777478
1 778072
1 747194
1 746888
1 747243
1 746722
1 747358
1 747388
1 746794
1 785381
1 785330
1 785280
1 379299
1 145275
1 746716
1 806547
1 789894
1 789801
1 789694
1 789629
1 789610
1 789907
1 789766
1 790096
1 789464
1 789326
1 789595
1 790189
1 790188
1 388593
1 389461
1 388964
1 760730
1 783702
1 784457
1 784022
1 396948
1 396809
1 396918
1 396763
1 78321
1 71968
1 776289
1 776513
1 775978
1 394819
1 394912
1 394781
1 394482
1 137088
1 137003
1 82947
1 136095
1 136285
1 789345
1 800528
1 800165
1 799869
1 394104
1 394310
1 394159
1 393133
1 131474
1 323892
1 794596
1 795265
1 799152
1 784331
1 22445
1 799765
1 799844
1 800036
1 800285
1 799970
1 800492
1 799938
1 800411
1 800416
1 86007
1 758084
1 758403
1 759254
1 758417
1 388804
1 385227
1 386312
1 390258
1 324126
1 42983
1 106957
1 106841
1 107421
1 680517
1 681059
1 380700
1 382103
1 130308
1 130760
1 131529
1 761709
1 761657
1 455076
1 453047
1 452720
1 397130
1 784723
1 757370
1 542556
1 382048
1 789969
1 800336
1 800686
1 801129
1 55802
1 109127
1 109329
1 774627
1 774370
1 324004
1 324257
1 130678
1 795054
1 384151
1 790566
1 790487
1 790560
1 420672
1 427634
1 375762
1 376733
1 377377
1 775483
1 775213
1 445914
1 790923
1 456870
1 322782
1 322471
1 322410
1 322805
1 396355
1 355712
1 371273
1 794900
1 375475
1 376821
1 377489
1 377716
1 375265
1 375394
1 370337
1 376086
1 376056
1 457392
1 457289
1 459867
1 773426
1 773527
1 380928
1 71395
1 71372
1 71993
1 71140
1 370067
1 392702
1 394864
1 810301
1 22096
1 789690
1 789828
1 790099
1 789687
1 789685
1 790174
1 790162
1 790083
1 790259
1 790329
1 789697
1 790302
1 372115
1 372858
1 375339
1 373338
1 392870
1 393019
1 527407
1 41339
1 42029
1 41023
1 42105
1 42189
1 341988
1 341772
1 341667
1 342289
1 342410
1 342604
1 802964
1 803390
1 803787
1 803710
1 137516
1 137457
1 436373
1 430341
1 430359
1 436047
1 438016
1 429938
1 588460
1 383396
1 381840
1 381664
1 388722
1 508895
1 74478
1 76021
1 69653
1 138629
1 138613
1 137760
1 138815
1 342677
1 342726
1 342315
1 430319
1 430038
1 430051
1 430388
1 108176
1 131849
1 132353
1 65674
1 70615
1 381259
1 801250
1 801330
1 389140
1 410031
1 409935
1 416399
1 413935
1 413643
1 412003
1 25388
1 793939
1 794053
1 793491
1 793485
1 794164
1 324369
1 324872
1 324877
1 804034
1 804083
1 804015
1 804096
1 804145
1 804067
1 99903
1 24308
1 683668
1 684349
1 372312
1 357634
1 357714
1 358399
1 357629
1 353643
1 354481
1 801952
1 801720
1 802633
1 802482
1 801893
1 802575
1 783682
1 95543
1 746802
1 746493
1 746437
1 17644
1 16327
1 17170
1 16991
1 17240
1 768056
1 768350
1 768281
1 768212
1 76663
1 428570
1 79413
1 79510
1 343470
1 748878
1 748788
1 748701
1 37653
1 45936
1 44229
1 41119
1 35415
1 775948
1 775699
1 775935
1 775789
1 775750
1 801158
1 801138
1 801181
1 800949
1 801052
1 801093
1 800578
1 800876
1 794885
1 768339
1 768294
1 768226
1 792684
1 793382
1 100809
1 102196
1 796332
1 795213
1 795018
1 794936
1 485979
1 166282
1 166329
1 167504
1 167809
1 166535
1 165997
1 167150
1 166412
1 166064
1 167442
1 167439
1 166805
1 166222
1 166148
1 167648
1 167762
1 167833
1 166409
1 166658
1 167344
1 167304
1 993094
1 789427
1 789433
1 789171
1 789115
1 789403
1 74632
1 381112
1 590080
1 395264
1 785690
1 785417
1 787424
1 987119
1 386730
1 678561
1 748316
1 794749
1 811242
1 809670
1 988499
1 989179
1 994245
1 994129
1 103970
1 98339
1 793586
1 486932
1 487192
1 487040
1 487061
1 775050
1 774764
1 374330
1 374119
1 798921
1 356878
1 357340
1 430442
1 21793
1 426825
