1 2033
1 16991
1 17170
1 17240
1 17317
1 17644
1 19498
1 22096
1 24308
1 29752
1 30039
1 32829
1 33074
1 33081
1 35415
1 37653
1 41119
1 44229
1 45936
1 48071
1 48144
1 48978
1 49071
1 49382
1 49459
1 49597
1 49660
1 50619
1 50629
1 51749
1 52330
1 55802
1 55978
1 56079
1 56177
1 56661
1 56913
1 57210
1 58225
1 58634
1 58702
1 59548
1 59889
1 60011
1 60093
1 60145
1 60264
1 60273
1 60340
1 60481
1 60514
1 60634
1 60682
1 60684
1 60873
1 60983
1 61060
1 61241
1 61265
1 61340
1 61366
1 61437
1 61568
1 61653
1 61714
1 61777
1 61785
1 61805
1 61829
1 61876
1 61902
1 61955
1 62040
1 62066
1 62197
1 62235
1 62843
1 62936
1 63006
1 63067
1 63303
1 63414
1 63487
1 63539
1 63574
1 63785
1 63825
1 64090
1 64105
1 64146
1 64159
1 64229
1 64310
1 64334
1 64374
1 64422
1 64743
1 64892
1 64893
1 65050
1 65085
1 65167
1 65291
1 65607
1 65704
1 65752
1 65790
1 65794
1 65821
1 65989
1 66070
1 66193
1 66347
1 66398
1 66502
1 66587
1 66612
1 66673
1 66687
1 66943
1 67296
1 67595
1 67672
1 67694
1 68025
1 68076
1 68086
1 68584
1 68923
1 69347
1 69653
1 70615
1 70985
1 71140
1 71372
1 71395
1 71968
1 71993
1 74478
1 74632
1 76021
1 76663
1 78321
1 79413
1 79510
1 82519
1 82838
1 82947
1 83211
1 83724
1 85525
1 86007
1 87663
1 88525
1 95543
1 99903
1 101360
1 101374
1 101479
1 101530
1 102227
1 102548
1 102629
1 102684
1 103970
1 106841
1 106957
1 107421
1 109127
1 109329
1 110715
1 114706
1 115615
1 115651
1 116157
1 117480
1 130308
1 130678
1 130760
1 130833
1 131005
1 131049
1 131110
1 131474
1 131529
1 131557
1 131580
1 131595
1 131640
1 131773
1 131849
1 132314
1 132353
1 132551
1 132969
1 133058
1 133261
1 133340
1 133575
1 133684
1 133896
1 134085
1 134851
1 136095
1 136164
1 136285
1 137003
1 137088
1 137162
1 137457
1 137516
1 137760
1 138136
1 138613
1 138629
1 138744
1 138815
1 138858
1 140330
1 142146
1 143175
1 145275
1 147825
1 149829
1 150582
1 152045
1 152864
1 159648
1 159711
1 160470
1 162183
1 162500
1 162523
1 162722
1 162827
1 306660
1 306750
1 307687
1 308764
1 308968
1 308989
1 309024
1 311791
1 311919
1 312690
1 312939
1 314339
1 315657
1 318676
1 318841
1 319163
1 321695
1 322219
1 322376
1 322410
1 322471
1 322514
1 322626
1 322674
1 322782
1 322805
1 324037
1 324419
1 324736
1 329272
1 356512
1 356630
1 356637
1 356878
1 357247
1 357340
1 357629
1 357634
1 357714
1 358399
1 369875
1 375265
1 375394
1 375475
1 376821
1 377489
1 377716
1 378515
1 378806
1 378855
1 379272
1 379299
1 379344
1 380023
1 380139
1 380204
1 380226
1 380460
1 380467
1 380635
1 380653
1 380819
1 381168
1 381259
1 381503
1 382048
1 382474
1 382794
1 382929
1 383076
1 383082
1 383777
1 383830
1 384151
1 385227
1 386312
1 387695
1 388243
1 388458
1 388507
1 388593
1 388722
1 388804
1 388872
1 388954
1 388964
1 389140
1 389267
1 389356
1 389461
1 389545
1 389844
1 389892
1 390084
1 390144
1 390173
1 390408
1 390415
1 390579
1 390896
1 392870
1 393019
1 393133
1 394089
1 394104
1 394159
1 394310
1 394482
1 394781
1 394819
1 394912
1 395134
1 395407
1 395522
1 395715
1 395889
1 395940
1 424553
1 424687
1 426825
1 426889
1 427750
1 428570
1 482548
1 484451
1 485710
1 485979
1 542556
1 549522
1 553611
1 560313
1 562025
1 565028
1 570629
1 570960
1 571902
1 572159
1 572649
1 573145
1 574348
1 575685
1 575818
1 588460
1 665146
1 674885
1 674890
1 675162
1 675213
1 675274
1 675425
1 675435
1 675568
1 675845
1 676187
1 676204
1 676286
1 676424
1 676841
1 677488
1 678581
1 680517
1 681059
1 746434
1 746482
1 746716
1 746722
1 746794
1 746802
1 746862
1 746888
1 746951
1 747023
1 747074
1 747159
1 747194
1 747243
1 747297
1 747358
1 747388
1 747982
1 748067
1 748100
1 748316
1 748701
1 748788
1 748810
1 748865
1 748878
1 748933
1 773001
1 773427
1 774820
1 775166
1 775200
1 775227
1 775343
1 775425
1 775646
1 775711
1 775978
1 776289
1 776513
1 776549
1 776865
1 776993
1 777001
1 777020
1 777026
1 777054
1 777478
1 777891
1 778072
1 778080
1 778215
1 778268
1 778297
1 783854
1 783899
1 783914
1 784089
1 784094
1 784289
1 784331
1 784443
1 784454
1 784479
1 784605
1 784687
1 784733
1 784849
1 784946
1 785072
1 785280
1 785330
1 785381
1 789969
1 790923
1 794596
1 795265
1 799152
1 799869
1 800165
1 800336
1 800528
1 800686
1 801129
1 801538
1 801606
1 802046
1 802174
1 802424
1 802745
1 803384
1 803486
1 803600
1 804534
1 805855
1 806547
1 807596
1 977896
1 977953
1 979736
1 993094
1 994129
1 994245
