1 289920
1 440829
1 56915
1 245026
1 123486
1 791056
1 774571
1 550584
1 337583
1 603061
1 235057
1 796934
1 382508
1 860650
1 31324
1 120767
1 253691
1 981944
1 508811
1 309502
1 310070
1 682885
1 279918
1 751138
1 615147
1 723571
1 638027
1 634007
1 480641
1 222258
1 856264
1 923895
1 447256
1 310511
1 89880
1 937515
1 241799
1 311678
1 161444
1 740929
1 929971
1 751050
1 548418
1 506448
1 880615
1 219801
1 164691
1 478563
1 482981
1 9086
1 557001
1 945752
1 604209
1 471887
1 645355
1 592554
1 593272
1 868949
1 831893
1 898779
1 36299
1 296838
1 169415
1 643929
1 802072
1 644246
1 688570
1 746505
1 554205
1 779365
1 289092
1 695687
1 768940
1 64594
1 748309
1 899094
1 351287
1 316056
1 812484
1 32560
1 498751
1 237158
1 923421
1 66366
1 85466
1 641415
1 579527
1 444258
1 576728
1 49913
1 700242
1 583656
1 50627
1 379564
1 640350
1 267770
1 836507
1 325258
1 562630
1 843824
1 561978
1 608808
1 929808
1 504948
1 851
1 700602
1 571748
1 576061
1 80786
1 234020
1 659825
1 913295
1 960643
1 583768
1 745203
1 809475
1 504300
1 512134
1 564935
1 882746
1 92355
1 54063
1 335479
1 181353
1 340595
1 827071
1 934209
1 144801
1 754463
1 247330
1 314653
1 752904
1 62358
1 669243
1 351183
1 467404
1 164312
1 196012
1 927252
1 938226
1 306559
1 330646
1 95265
1 26999
1 181530
1 246447
1 642525
1 773692
1 215748
1 451352
1 33566
1 725286
1 641009
1 615588
1 247264
1 458397
1 745090
1 531852
1 19305
1 315338
1 875141
1 280638
1 514225
1 422273
1 742153
1 71498
1 972301
1 456433
1 856942
1 848613
1 673406
1 880521
1 135756
1 996066
1 70740
1 329905
1 309049
1 675102
1 991586
1 673214
1 59375
1 88312
1 837000
1 601522
1 752521
1 388404
1 182354
1 735557
1 731861
1 411178
1 124135
1 832073
1 562937
1 652936
1 900468
1 151690
1 752530
1 507591
1 908295
1 748591
1 24417
1 629376
1 229024
1 20342
1 665483
1 83961
1 976107
1 749656
1 371004
1 420053
1 907405
1 141899
1 596155
1 321576
1 887371
1 563671
1 97008
1 111356
1 92748
1 917139
1 729518
1 973252
1 19800
1 500694
1 553933
1 666742
1 48571
1 506883
1 526171
1 300585
1 682415
1 48244
1 804181
1 680309
1 319970
1 4093
1 315354
1 573379
1 443539
1 970573
1 901235
1 552016
1 53374
1 10806
1 314435
1 958234
1 216371
1 417070
1 215802
1 615571
1 111288
1 429960
1 165356
1 163431
1 743470
1 750384
1 566310
1 235102
1 599701
1 906422
1 602421
1 53300
1 734962
1 64778
1 86811
1 40961
1 763497
1 909939
1 419199
1 550651
1 124632
1 620217
1 78214
1 527898
1 587163
1 807333
1 462870
1 762082
1 48504
1 568559
1 744667
1 603617
1 92385
1 457966
1 994485
1 191023
1 161576
1 194306
1 650677
1 478422
1 357826
1 4906
1 734811
1 427881
1 380893
1 942527
1 506358
1 345008
1 300643
1 646299
1 504423
1 762658
1 874137
1 838399
1 488531
1 741597
1 746071
1 756113
1 200697
1 40877
1 365215
1 39301
1 661152
1 78032
1 203150
1 481428
1 517526
1 606331
1 110837
1 259200
1 732534
1 467977
1 482625
1 174602
1 912788
1 736869
1 773163
1 296849
1 534497
1 137863
1 995958
1 870348
1 137123
1 376009
1 260047
1 81637
1 855381
1 757428
1 722716
1 599447
1 555431
1 778498
1 364915
1 902537
1 687220
1 20721
1 211456
1 762087
1 816197
1 875786
1 271824
1 830629
1 882991
1 234452
1 352327
1 215959
1 535842
1 900771
1 993596
1 592950
1 350794
1 991252
1 161938
1 512084
1 808273
1 950365
1 548492
1 913310
1 448566
1 467465
1 242774
1 641482
1 16838
1 216194
1 621598
1 830572
1 632951
1 303625
1 868831
1 240483
1 203174
1 596844
1 463306
1 54780
1 410340
1 587415
1 278856
1 162978
1 269249
1 969836
1 988013
1 784290
1 970725
1 151658
1 872005
1 493910
1 994100
1 632735
1 960833
1 908682
1 471609
1 334753
1 753838
1 954056
1 786284
1 233457
1 569997
1 241665
1 225373
1 449214
1 496722
1 38592
1 539827
1 35645
1 62831
1 53475
1 132292
1 972457
1 4814
1 626286
1 707476
1 45118
1 893541
1 281942
1 823175
1 109547
1 512132
1 761452
1 723490
1 82836
1 944366
1 121971
1 374833
1 431408
1 94779
1 555294
1 866962
1 990842
1 688794
1 746012
1 646348
1 338105
1 877483
1 46282
1 278991
1 245999
1 95294
1 693242
1 119197
1 427899
1 646769
1 815156
1 421834
1 376373
1 947028
1 363957
1 143919
1 193113
1 566325
1 143422
1 536607
1 95049
1 550546
1 337512
1 558754
1 735486
1 167450
1 719216
1 298816
1 427192
1 245001
1 662848
1 816700
1 226073
1 445313
1 979897
1 851096
1 73028
1 659771
1 833027
1 404950
1 879475
1 196345
1 772171
1 328133
1 97244
1 533192
1 579222
1 988715
1 767860
1 787548
1 24739
1 77297
1 33034
1 528606
1 283088
1 252646
1 698093
1 223885
1 438396
