1 11646
1 23494
1 23954
1 24715
1 27952
1 28330
1 29648
1 31792
1 34674
1 39734
1 44102
1 49951
1 50497
1 51569
1 51870
1 52702
1 54952
1 55434
1 56418
1 57004
1 57119
1 57266
1 57271
1 57279
1 57295
1 57594
1 57893
1 57903
1 58089
1 58430
1 58443
1 58460
1 58552
1 58566
1 63904
1 63988
1 64055
1 64111
1 64140
1 64232
1 64455
1 64501
1 64778
1 65002
1 65306
1 65350
1 65483
1 65548
1 65833
1 66107
1 66529
1 66574
1 67318
1 68077
1 69145
1 74164
1 85045
1 85297
1 88520
1 92292
1 96425
1 98667
1 103026
1 103444
1 103640
1 103820
1 104740
1 105180
1 105194
1 105751
1 105761
1 108765
1 109888
1 112346
1 113106
1 115106
1 116751
1 117114
1 118957
1 119901
1 120624
1 121379
1 121682
1 121973
1 122862
1 122912
1 123933
1 123998
1 124447
1 124455
1 125443
1 125525
1 125658
1 125720
1 125769
1 125792
1 126040
1 126058
1 126925
1 127857
1 127945
1 128226
1 132899
1 133966
1 134588
1 136834
1 140205
1 143504
1 143510
1 143724
1 143745
1 144863
1 144914
1 145045
1 145121
1 145185
1 145187
1 145307
1 145332
1 145366
1 145489
1 145511
1 145568
1 145609
1 145631
1 145727
1 145741
1 145994
1 146081
1 146111
1 146182
1 146227
1 146257
1 146346
1 146381
1 146397
1 146722
1 146801
1 146927
1 146928
1 146982
1 147175
1 147278
1 147492
1 147655
1 147937
1 148163
1 148510
1 148771
1 148870
1 148956
1 149249
1 149275
1 149418
1 149440
1 149541
1 149570
1 151124
1 152007
1 153210
1 154090
1 154804
1 160265
1 161413
1 164502
1 168502
1 169980
1 170342
1 173224
1 173728
1 175104
1 176271
1 177165
1 178321
1 178328
1 178963
1 182883
1 183742
1 184106
1 184667
1 185398
1 187424
1 195311
1 198575
1 199918
1 201003
1 201609
1 201865
1 201982
1 202098
1 202701
1 203050
1 204958
1 205031
1 208172
1 209112
1 209369
1 210341
1 212588
1 221442
1 233425
1 236505
1 241300
1 242477
1 243270
1 246584
1 248811
1 251733
1 254191
1 257811
1 261034
1 261964
1 263840
1 263926
1 264858
1 267359
1 268214
1 271944
1 272188
1 274718
1 274838
1 275048
1 275378
1 275422
1 275622
1 275849
1 276799
1 277043
1 277143
1 277408
1 277795
1 279255
1 279256
1 279830
1 286753
1 288218
1 290927
1 293153
1 293238
1 293329
1 293355
1 293379
1 293455
1 293863
1 298177
1 299533
1 300676
1 302808
1 303201
1 303363
1 304602
1 304665
1 304670
1 305018
1 305305
1 305327
1 305344
1 305561
1 305724
1 305972
1 306323
1 306785
1 307182
1 307636
1 308508
1 308711
1 308817
1 309018
1 309079
1 309125
1 309259
1 309584
1 309760
1 310349
1 310587
1 311250
1 311934
1 311994
1 312323
1 312909
1 313089
1 313265
1 313485
1 313562
1 313888
1 313959
1 314060
1 314204
1 314244
1 314256
1 314561
1 315654
1 316712
1 317307
1 318317
1 319119
1 319452
1 319703
1 319970
1 320018
1 320487
1 320589
1 322510
1 329267
1 336776
1 337290
1 343961
1 344017
1 344607
1 344986
1 348002
1 364535
1 370821
1 373982
1 375508
1 377337
1 377437
1 378206
1 379997
1 386203
1 398509
1 399166
1 417650
1 421603
1 421673
1 423764
1 423777
1 423799
1 423904
1 439411
1 440249
1 445988
1 448541
1 454838
1 457311
1 459235
1 465222
1 468432
1 472541
1 474512
1 474934
1 475403
1 480524
1 481144
1 483258
1 486364
1 490938
1 496017
1 499332
1 508377
1 515592
1 515688
1 518136
1 522202
1 525242
1 529076
1 529166
1 529674
1 529838
1 529934
1 530019
1 532290
1 533112
1 535262
1 537030
1 537754
1 538090
1 538959
1 544058
1 548023
1 548206
1 548776
1 551842
1 552334
1 552677
1 552901
1 553157
1 553412
1 553718
1 555893
1 614726
1 632234
1 632973
1 636437
1 636921
1 639005
1 642980
1 644962
1 645650
1 653869
1 657720
1 662944
1 673649
1 674854
1 678055
1 680922
1 684117
1 686794
1 694760
1 695791
1 696410
1 701145
1 702053
1 704098
1 706951
1 712124
1 718067
1 720847
1 724323
1 725580
1 728428
1 731045
1 734151
1 736563
1 737393
1 741141
1 741996
1 749475
1 756613
1 759361
1 761268
1 761481
1 762584
1 764110
1 764738
1 765713
1 767320
1 767391
1 776232
1 779900
1 791906
1 791915
1 792851
1 792968
1 799002
1 800586
1 800889
1 801049
1 801249
1 801287
1 801342
1 801343
1 801466
1 802609
1 802819
1 802875
1 814324
1 819112
1 820119
1 821324
1 826059
1 833706
1 834371
1 834542
1 862705
1 865990
1 868429
1 878291
1 888740
1 893390
1 897812
1 897968
1 902527
1 903064
1 904008
1 908520
1 918049
1 923201
1 923600
1 924052
1 929035
1 942143
1 943026
1 944088
1 945181
1 945960
1 946745
1 948300
1 948421
1 949157
1 950148
1 955103
1 955929
1 956249
1 957825
1 959238
1 960607
1 961382
1 961646
1 965533
1 969007
1 969754
1 971483
1 973402
1 978620
1 983815
1 987517
1 988363
1 989377
1 995501
