1 801343
1 791906
1 792968
1 802875
1 802609
1 791915
1 800889
1 801049
1 800586
1 802819
1 801466
1 792851
1 834542
1 904008
1 865990
1 888740
1 833706
1 893390
1 903064
1 902527
1 897968
1 740063
1 632067
1 631983
1 632198
1 633204
1 632969
1 634366
1 633799
1 633202
1 242477
1 69145
1 755637
1 757572
1 764007
1 744629
1 673335
1 241300
1 878291
1 862705
1 838318
1 894462
1 960418
1 868429
1 902092
1 900747
1 900835
1 901868
1 631249
1 630309
1 631913
1 630163
1 630073
1 630391
1 631079
1 631035
1 635270
1 634913
1 635620
1 807229
1 673214
1 672575
1 903024
1 902766
1 907750
1 903144
1 904648
1 738732
1 738728
1 671968
1 671915
1 671930
1 737998
1 661792
1 632234
1 420053
1 993037
1 435198
1 434051
1 983805
1 632973
1 965261
1 767320
1 779900
1 671756
1 671692
1 797274
1 799697
1 795610
1 729712
1 728413
1 44870
1 44749
1 308262
1 659522
1 659745
1 659974
1 660052
1 660113
1 659839
1 659423
1 659628
1 659532
1 660301
1 659912
1 660148
1 660155
1 659734
1 659553
1 660027
1 659614
1 635407
1 635639
1 816771
1 727675
1 446895
1 788395
1 955103
1 946745
1 908520
1 929035
1 965533
1 969754
1 961382
1 923201
1 959238
1 971483
1 918049
1 943026
1 950148
1 924052
1 983815
1 942143
1 969007
1 960607
1 961646
1 988363
1 923600
1 955929
1 945960
1 899519
1 737052
1 634226
1 662111
1 661352
1 661275
1 317307
1 275684
1 660991
1 146111
1 146927
1 144863
1 145609
1 147278
1 147655
1 145045
1 146982
1 146182
1 145121
1 146722
1 145741
1 148771
1 148510
1 146928
1 145568
1 148956
1 147492
1 145185
1 145187
1 145332
1 145511
1 145489
1 144914
1 147175
1 147937
1 146397
1 146801
1 146081
1 145307
1 148163
1 146227
1 146381
1 145631
1 145727
1 146346
1 148870
1 145994
1 146257
1 145366
1 661903
1 661908
1 868077
1 871045
1 995132
1 735358
1 735687
1 274543
1 274814
1 274632
1 274018
1 273587
1 274545
1 273015
1 274773
1 275461
1 272962
1 273784
1 272771
1 272677
1 274228
1 273530
1 272764
1 272521
1 273906
1 772856
1 772904
1 809413
1 675074
1 739249
1 765713
1 788425
1 64232
1 63904
1 64111
1 64055
1 63988
1 64140
1 699978
1 658897
1 658958
1 659032
1 659020
1 659085
1 659180
1 659282
1 449505
1 449634
1 449986
1 449341
1 449462
1 449440
1 449282
1 448710
1 449526
1 660950
1 660973
1 661062
1 661026
1 63964
1 64204
1 63973
1 64074
1 64148
1 77354
1 80989
1 660731
1 660745
1 660912
1 295295
1 295145
1 295188
1 673288
1 310587
1 316712
1 315654
1 275946
1 276295
1 285805
1 275917
1 275876
1 660665
1 660613
1 277349
1 277414
1 277993
1 277238
1 276851
1 277695
1 276997
1 276895
1 278544
1 279772
1 278674
1 280558
1 279122
1 277946
1 276971
1 278089
1 277907
1 278088
1 277503
1 277391
1 278991
1 277318
1 279795
1 277470
1 278097
1 281386
1 279168
1 278652
1 278557
1 281557
1 277547
1 280330
1 280362
1 280667
1 279021
1 278461
1 278362
1 278289
1 277085
1 661705
1 661539
1 475931
1 475688
1 475360
1 476012
1 902962
1 773242
1 62385
1 62342
1 62358
1 63297
1 734227
1 659403
1 660259
1 881134
1 501276
1 500532
1 500676
1 499963
1 897189
1 630817
1 988067
1 986203
1 981168
1 992526
1 989251
1 980589
1 985647
1 983188
1 984481
1 997194
1 989693
1 980533
1 988802
1 987994
1 993764
1 986802
1 727335
1 729458
1 727676
1 730709
1 731241
1 78336
1 51333
1 654268
1 945453
1 632991
1 741996
1 547749
1 900549
1 993532
1 944088
1 945181
1 468803
1 449631
1 932999
1 469710
1 883949
1 642879
1 862586
1 854255
1 948300
1 884487
1 434818
1 870345
1 915842
1 524654
1 482622
1 526097
1 840000
1 828479
1 671062
1 639096
1 517121
1 904505
1 395135
1 388840
1 513488
1 385639
1 385379
1 409892
1 388100
1 643929
1 973402
1 978620
1 310056
1 239090
1 951787
1 941433
1 898912
1 725580
1 749475
1 930464
1 924103
1 672037
1 775250
1 775872
1 658420
1 658593
1 658611
1 253638
1 665438
1 671546
1 671574
1 671459
1 671552
1 296110
1 296015
1 295434
1 672468
1 672363
1 672234
1 806586
1 998894
1 998776
1 997222
1 679049
1 999889
1 998642
1 997685
1 999417
1 670562
1 997088
1 450227
1 450226
1 450127
1 775372
1 774215
1 774146
1 636921
1 16464
1 65206
1 42255
1 629656
1 627361
1 400921
1 698032
1 698143
1 698504
1 698312
1 698943
1 698324
1 272274
1 771730
1 771660
1 771517
1 771655
1 152007
1 77439
1 143848
1 65058
1 64607
1 64580
1 64986
1 65589
1 65345
1 65343
1 65465
1 65254
1 65392
1 662521
1 662653
1 662783
1 662392
1 662781
1 662508
1 662595
1 308068
1 308372
1 252350
1 252740
1 251217
1 251295
1 79947
1 79407
1 79074
1 79788
1 79131
1 736816
1 80161
1 78675
1 80071
1 254669
1 702142
1 702113
1 320487
1 483258
1 945984
